________________________________________________________________________________
Traning and Validation Parameters
________________________________________________________________________________
trn_params.num_iterations:                                                   100
trn_params.learning_rate:                                                   0.50
trn_params.start_a:                                                         2.20
trn_params.start_b:                                                         5.50
trn_params.num_folds:                                                          3
________________________________________________________________________________
Data samples
________________________________________________________________________________
81.03       156.48
108.23      217.01
105.65      226.67
102.60      197.37
83.11       143.01
111.02      220.06
107.75      215.58
99.16       200.18
104.16      250.59
114.94      216.09
86.56       186.07
94.23       206.99
86.17       197.74
104.08      212.01
80.33       161.91
87.97       190.48
86.34       165.71
97.78       233.74
108.70      217.39
114.57      215.68
104.46      208.64
82.68       198.33
114.14      246.82
98.63       195.20
113.36      199.04
98.97       216.99
103.91      193.66
112.69      222.72
103.89      217.90
92.19       163.84
104.43      232.80
95.71       174.27
99.49       209.58
110.12      240.56
108.26      189.75
112.28      218.49
92.57       201.46
93.08       175.14
108.91      179.37
109.21      244.16
100.37      197.99
89.18       182.27
110.51      246.39
82.22       168.66
80.23       155.90
89.07       163.75
83.37       150.51
113.55      228.75
90.94       223.74
103.55      205.06
87.43       172.29
88.04       140.67
95.12       205.45
97.64       220.86
92.71       176.37
92.06       183.49
109.57      244.70
110.15      227.75
95.12       211.25
80.28       188.00
100.14      164.68
104.85      204.91
109.28      234.74
110.51      206.88
96.75       215.69
95.61       202.57
95.07       192.54
114.00      203.34
94.95       185.98
112.02      203.79
88.90       163.61
106.60      210.08
106.88      215.32
111.74      234.33
102.67      203.89
113.38      232.84
92.44       184.77
94.16       183.76
83.14       199.91
90.17       191.52
110.75      194.10
86.98       155.66
94.39       202.64
112.83      238.42
83.03       195.31
106.41      216.16
92.91       189.26
82.79       161.13
91.10       202.00
88.18       178.76
111.06      213.31
86.45       177.21
84.48       195.33
100.35      208.78
81.02       165.37
114.53      212.51
96.23       205.43
100.78      226.22
103.70      208.53
104.47      177.04
80.92       192.45
94.03       188.18
92.49       154.04
107.03      241.79
109.48      179.78
106.20      183.84
97.00       223.56
106.51      198.03
110.44      208.13
105.31      203.09
89.87       174.32
83.49       151.59
111.09      233.62
106.37      192.58
95.65       190.48
88.05       158.54
105.86      220.84
97.66       198.96
100.30      194.59
114.05      258.53
98.58       237.22
105.86      203.77
81.37       150.65
90.85       173.30
94.92       186.68
110.52      218.03
104.57      175.78
95.17       157.42
103.93      220.83
84.50       157.05
81.26       145.75
95.79       217.95
97.54       180.96
107.66      212.83
104.79      189.74
93.58       188.29
113.07      216.02
85.13       154.15
100.53      176.96
89.94       173.27
97.27       203.06
101.82      231.79
111.76      247.80
95.02       176.07
101.29      214.03
106.87      207.22
93.38       178.54
96.87       185.32
97.38       183.96
114.49      234.75
80.81       157.35
100.49      207.14
81.37       166.69
95.24       206.74
80.24       170.85
107.80      245.01
96.16       190.10
108.60      236.76
112.19      224.55
110.13      226.21
110.08      201.56
101.99      218.30
101.61      206.08
112.07      237.87
95.32       153.15
110.93      223.43
94.49       206.73
94.47       177.16
98.06       185.53
87.03       157.47
91.32       183.65
95.38       201.44
81.88       168.96
111.80      232.18
80.90       160.07
88.50       183.84
83.72       138.93
80.15       183.36
95.72       171.33
98.61       190.23
107.04      216.94
104.84      193.88
93.86       147.09
84.09       157.17
105.48      242.08
85.26       174.32
88.87       176.97
88.53       176.21
108.63      206.38
83.49       178.35
88.68       147.57
83.34       154.99
109.13      200.76
93.82       180.17
103.57      205.95
81.58       187.76
94.83       202.53
96.42       200.29
96.91       213.63
103.02      199.34
100.72      204.80
105.60      213.92
99.01       167.60
102.35      189.75
96.14       169.77
93.48       187.18
108.92      205.35
109.65      227.97
110.63      217.96
82.65       184.83
110.04      218.22
94.17       184.23
103.12      234.83
90.84       182.66
98.72       175.92
84.44       157.67
112.68      222.28
80.44       171.67
110.99      218.32
93.30       194.05
111.18      231.43
98.83       243.26
101.56      187.26
82.72       169.55
103.82      207.74
83.46       158.10
101.52      223.39
82.23       163.16
88.72       181.39
89.59       165.44
109.14      204.43
98.60       235.32
111.11      222.96
94.71       191.90
107.78      222.16
93.97       204.44
97.87       184.44
104.50      196.49
112.06      220.64
99.86       203.25
80.30       140.76
102.90      200.76
111.48      240.69
91.52       210.66
108.06      207.44
103.65      216.67
102.61      229.07
101.13      188.73
85.64       185.32
107.61      205.61
80.59       167.52
92.91       182.44
85.54       194.24
96.45       212.95
108.08      240.55
102.63      217.86
104.61      205.46
99.74       189.96
84.88       176.21
98.33       196.97
111.83      223.50
98.64       163.09
88.10       212.35
94.58       199.76
106.09      217.44
82.92       150.84
88.69       180.54
101.86      192.91
114.04      209.54
110.78      211.79
100.20      210.45
93.77       175.84
98.95       241.76
97.44       189.34
114.85      255.61
114.74      267.71
84.71       183.09
101.22      207.19
113.98      196.87
99.69       199.57
92.08       177.16
94.49       216.79
91.97       187.61
114.44      237.13
106.40      221.32
84.03       159.83
84.63       175.62
98.76       210.13
114.17      227.81
111.02      212.33
95.70       188.45
93.50       172.73
105.05      235.83
94.92       192.91
80.95       173.89
102.82      183.77
85.96       167.62
84.72       163.20
103.18      206.73
105.86      220.10
97.32       172.55
96.92       195.93
104.75      221.03
103.67      209.43
85.45       193.62
81.41       155.24
106.89      190.41
100.47      246.49
111.57      213.39
90.27       187.72
109.20      218.02
102.55      183.68
90.39       179.02
113.47      214.06
87.95       155.72
88.95       216.77
108.40      249.65
99.07       219.69
91.85       213.93
86.37       178.53
87.43       195.96
106.91      204.13
106.47      218.29
110.71      228.95
114.72      226.28
95.55       179.03
88.23       185.30
109.24      205.34
94.73       213.00
107.25      193.90
106.86      187.48
100.40      205.24
113.19      241.67
93.32       183.59
90.13       163.49
98.15       166.90
109.52      249.45
81.56       145.50
87.73       183.80
85.32       175.92
85.65       168.32
92.89       167.41
90.77       202.09
97.22       198.90
104.23      190.94
91.62       181.48
93.39       166.28
108.83      219.07
81.29       174.83
82.64       170.49
85.26       144.29
107.17      227.80
101.73      210.47
101.67      218.15
89.01       190.11
106.34      196.07
99.82       201.73
106.31      188.20
103.19      222.81
97.22       193.91
98.18       246.92
104.99      182.02
96.08       219.08
107.53      213.05
88.20       179.91
100.15      206.08
102.21      227.40
105.31      224.14
106.67      251.41
90.79       206.39
105.52      218.98
114.81      213.84
85.26       190.98
82.50       176.02
100.73      233.73
101.18      216.41
97.21       197.38
99.76       201.58
98.25       202.29
80.50       166.59
85.83       202.86
103.07      200.72
112.47      212.27
82.33       136.76
105.98      232.44
101.97      234.02
97.92       175.84
96.10       189.23
110.70      235.18
114.43      194.72
108.11      231.34
100.06      167.68
93.30       156.51
90.87       177.93
111.45      215.46
84.11       161.14
92.54       152.00
93.24       206.64
87.17       162.58
80.13       171.08
86.55       169.85
90.87       186.83
96.38       187.07
94.31       204.12
87.27       176.54
94.63       191.11
113.21      234.58
87.09       173.06
101.50      187.91
95.11       170.45
83.92       167.76
97.07       179.42
105.46      204.06
82.57       190.68
94.66       159.36
96.59       193.71
105.08      201.82
109.84      208.37
90.65       134.13
89.51       159.67
107.20      224.00
111.92      194.66
109.07      203.00
110.23      217.72
81.71       164.01
111.55      229.26
111.03      206.39
101.65      239.65
83.37       135.63
98.83       213.11
106.70      233.43
82.74       187.72
97.80       182.26
106.49      211.84
94.19       178.56
99.62       173.19
91.25       206.40
90.86       193.09
113.63      237.34
109.83      209.76
91.63       181.73
109.94      210.09
97.12       194.24
96.07       185.14
85.28       145.98
105.11      225.06
92.63       218.46
81.85       181.14
114.68      210.03
111.47      212.83
98.55       174.07
104.91      212.13
94.99       160.82
107.37      231.86
113.32      225.76
105.69      174.74
83.01       186.01
99.42       225.13
114.42      242.24
110.07      218.54
84.84       176.94
114.72      252.55
92.05       199.86
87.90       184.69
88.44       187.07
111.30      208.72
105.25      218.86
93.20       207.47
86.05       147.44
90.65       195.79
113.72      239.30
105.78      211.35
103.32      210.79
87.62       150.09
80.97       151.86
85.34       179.25
91.14       188.98
84.46       162.82
87.33       168.77
86.21       188.52
98.03       204.05
81.39       208.58
111.69      232.09
101.19      205.78
99.86       231.66
112.38      220.39
93.54       181.74
104.69      211.53
98.73       216.30
81.06       200.19
111.63      195.81
96.05       189.37
113.06      248.19
93.08       178.75
95.83       175.62
100.89      201.85
84.32       171.69
97.09       194.82
94.04       172.44
107.57      227.46
84.23       172.19
113.72      234.55
105.84      202.69
106.52      256.21
91.29       207.48
100.94      203.60
92.93       190.23
101.47      176.96
113.85      205.06
84.64       173.26
99.49       175.99
107.27      217.18
87.45       169.54
92.70       177.62
80.02       169.36
87.59       166.23
105.51      223.18
82.34       141.25
92.94       180.32
94.90       198.70
89.55       158.03
84.32       151.55
90.04       193.47
100.10      189.81
96.54       208.36
85.30       156.57
84.05       171.80
105.22      189.08
86.96       180.13
87.40       155.41
105.79      192.66
88.08       180.27
84.62       160.07
105.64      248.48
113.19      204.03
109.73      245.61
97.11       208.52
89.48       171.47
80.54       169.02
113.48      232.38
101.66      171.89
88.07       172.78
86.36       143.56
113.19      235.38
112.57      249.59
99.83       216.50
105.11      195.19
88.40       183.75
85.61       133.85
107.02      188.21
105.18      230.05
108.26      228.21
99.65       210.82
107.08      202.82
114.23      237.55
97.26       203.05
107.23      173.85
81.84       179.46
80.05       182.87
103.21      212.08
82.37       171.49
91.68       158.93
110.58      265.27
102.05      241.69
104.05      191.42
108.79      224.19
93.13       178.05
84.58       160.42
94.52       230.31
93.29       200.81
102.65      191.53
103.17      185.51
86.28       163.21
87.59       194.31
91.54       188.08
99.69       207.39
82.48       140.93
103.91      195.46
84.29       162.10
96.26       191.56
99.77       229.83
92.32       186.49
82.49       203.23
90.44       181.67
105.92      231.31
107.21      237.83
86.33       188.44
100.19      181.33
114.19      250.72
88.05       180.48
85.17       185.36
95.15       204.43
103.57      213.98
109.17      209.66
113.74      233.80
106.27      195.76
95.18       200.91
88.55       203.40
100.00      160.76
83.33       185.88
91.08       149.75
110.20      236.98
109.98      242.44
101.69      192.30
89.52       210.54
89.87       200.70
105.24      202.89
113.17      241.00
100.42      205.21
80.50       146.11
85.08       193.63
102.84      203.08
96.59       195.13
97.94       230.77
102.20      218.05
95.38       208.64
94.99       197.25
107.45      220.20
93.59       182.74
89.47       192.45
103.39      224.31
113.61      236.99
107.21      214.45
113.85      240.75
108.32      234.90
108.40      231.33
109.80      218.19
82.81       179.19
100.97      191.42
96.26       177.80
97.09       233.11
106.76      220.55
94.65       209.00
85.63       150.00
85.27       139.74
112.05      226.65
104.00      227.66
114.42      253.21
112.61      216.70
108.88      209.03
109.87      231.85
96.86       204.02
99.24       213.20
81.84       182.70
98.88       210.88
104.27      205.89
113.97      248.29
110.14      222.51
108.86      203.05
98.60       193.73
88.50       168.08
90.24       190.49
109.34      229.15
108.34      196.21
98.13       204.70
85.37       155.02
80.85       146.64
89.08       172.18
93.01       197.99
92.95       189.15
103.40      222.89
101.06      187.74
89.92       188.15
92.31       188.19
100.03      228.19
97.51       183.71
110.26      220.91
105.78      175.06
112.43      208.08
88.14       178.03
93.58       186.87
88.04       158.49
82.99       179.00
108.56      233.13
81.55       132.15
82.39       180.09
102.54      214.29
82.67       182.17
82.80       163.95
97.35       187.04
82.11       165.59
113.51      255.68
88.91       188.65
105.94      198.87
102.62      166.23
110.37      212.01
108.28      211.19
106.85      198.34
108.47      237.82
87.96       148.85
89.14       178.40
112.52      219.49
93.72       210.45
91.87       162.55
89.04       173.73
80.25       140.75
95.22       206.31
84.94       155.32
88.86       162.01
93.43       207.79
80.54       148.59
90.69       198.80
86.15       155.63
102.00      205.54
94.96       164.29
113.99      228.53
83.16       182.63
97.10       202.38
82.79       164.75
94.24       213.08
94.73       177.86
95.58       203.29
90.85       175.80
90.22       163.55
96.16       221.15
103.65      228.50
93.44       202.72
83.33       164.33
103.34      206.03
87.12       188.73
114.77      243.53
93.07       180.13
103.24      223.65
107.11      199.65
113.77      218.98
82.72       141.79
101.99      221.59
80.77       116.39
103.08      205.88
112.27      199.65
81.51       139.14
106.16      216.34
93.56       197.12
93.66       159.61
80.98       181.51
99.81       189.86
81.64       147.29
104.53      211.07
91.25       180.23
111.09      219.42
92.37       200.54
102.85      199.64
100.90      178.79
90.57       174.09
88.41       144.73
114.29      231.56
99.65       177.00
110.04      232.36
99.45       201.40
97.50       195.38
109.15      221.75
107.89      218.67
92.67       172.43
104.67      210.72
105.79      184.58
98.76       222.84
85.45       135.65
97.81       185.27
107.70      239.91
103.59      193.26
108.87      215.83
97.06       184.61
87.47       175.16
83.41       163.60
96.35       175.60
108.67      249.21
111.78      237.57
106.18      233.03
91.46       162.43
90.42       150.79
113.92      245.94
114.34      211.55
98.82       176.40
110.31      208.69
111.51      229.18
107.06      214.26
90.54       202.45
98.57       192.86
104.26      200.16
111.65      224.97
90.10       169.11
92.69       201.12
96.71       193.04
90.53       181.04
92.33       189.08
86.70       140.10
107.50      188.75
98.37       204.65
86.43       176.00
111.03      272.90
93.22       164.75
106.98      236.47
80.54       183.81
86.70       126.14
95.79       185.23
105.54      242.47
110.27      235.74
111.25      235.16
100.33      175.60
95.43       181.50
92.14       180.02
98.08       215.64
101.14      190.08
93.26       194.67
108.30      214.06
97.06       191.17
81.78       115.91
102.95      210.91
91.01       195.77
80.82       156.11
81.62       164.17
104.81      196.67
110.91      221.26
83.98       168.53
101.26      213.82
83.64       154.11
100.06      167.08
80.54       181.99
95.34       175.82
95.88       214.94
93.84       189.01
92.17       178.85
95.58       208.30
84.15       158.97
106.03      209.95
103.50      224.22
104.94      203.71
84.32       187.56
97.91       211.34
84.07       208.16
112.89      226.87
91.87       194.22
91.36       185.46
107.20      245.93
109.93      190.88
107.49      210.89
90.13       172.57
84.58       124.57
106.81      232.62
112.63      228.44
81.49       181.08
83.02       171.90
80.85       126.82
103.80      198.53
81.54       156.91
81.05       165.62
81.91       136.35
89.35       164.05
111.07      180.98
109.17      205.98
90.10       141.61
91.35       180.32
89.59       175.44
86.36       156.38
91.56       182.91
85.54       169.99
98.15       182.14
81.41       153.19
89.54       185.61
113.11      248.88
111.53      209.89
86.91       161.42
104.86      230.91
110.84      215.11
102.49      234.24
109.63      241.92
92.87       204.62
99.22       201.58
95.50       198.46
105.86      236.58
105.26      214.60
96.98       182.71
105.66      208.73
112.61      225.64
101.31      216.07
83.27       166.85
101.62      146.30
113.88      230.86
96.53       238.15
94.53       201.29
104.36      197.18
107.83      237.72
114.94      197.32
90.30       205.12
107.93      223.70
83.16       137.21
106.42      205.98
100.55      212.26
110.77      239.45
109.85      227.18
108.78      230.80
110.70      216.96
92.55       180.76
108.73      215.09
82.00       163.35
92.57       182.34
97.07       216.59
84.17       161.11
113.93      229.18
99.71       195.99
98.89       196.71
91.54       187.58
91.39       159.33
88.41       169.15
110.68      267.95
84.16       158.25
85.02       192.26
104.04      175.21
96.55       163.80
101.97      170.22
81.14       153.01
93.68       223.65
103.71      189.08
85.55       187.29
96.35       204.61
95.70       191.54
91.43       139.50
105.30      204.33
96.75       201.51
89.17       158.44
93.60       201.16
101.17      180.28
94.09       212.08
108.66      227.51
103.51      212.53
101.30      235.35
104.40      199.38
113.18      222.22
93.00       166.94
94.53       213.09
93.35       174.54
89.93       162.31
94.18       216.46
90.17       157.88
85.99       195.48
80.06       153.94
81.38       161.37
93.06       192.59
106.04      188.27
85.68       166.65
93.94       221.51
104.21      177.49
104.92      205.68
101.70      215.66
107.24      215.52
88.85       147.90
91.52       157.82
94.11       184.61
104.69      227.06
90.52       159.52
109.06      201.45
105.92      222.66
100.26      199.18
85.48       165.52
81.84       148.11
97.74       208.89
103.76      200.91
92.31       167.00
106.77      213.54
88.83       165.82
105.05      172.51
81.50       134.30
86.34       172.79
84.33       138.81
99.89       202.29
105.57      207.17
106.13      168.28
114.14      234.57
86.98       164.84
93.87       177.85
88.08       190.59
85.30       202.58
95.14       208.96
105.52      195.42
87.26       162.28
90.19       169.13
110.07      173.42
84.84       146.67
99.38       177.99
82.98       160.57
97.23       188.12
107.45      223.34
80.17       154.44
101.90      222.93
107.79      204.62
83.81       209.48
105.20      208.47
113.92      209.05
83.88       172.97
100.02      175.97
113.71      216.20
88.88       161.40
112.31      217.82
82.57       182.11
101.77      206.10
106.70      184.96
96.70       212.23
86.66       170.28
103.76      190.57
93.47       209.85
87.35       161.93
97.79       246.34
112.98      228.00
86.60       160.21
99.25       216.17
109.79      233.05
86.01       156.49
93.07       173.27
109.67      226.69
86.56       197.98
112.50      212.61
93.10       212.51
93.27       159.41
99.12       207.86
108.69      220.96
109.03      212.95
84.66       177.32
86.69       177.84
105.74      211.31
111.28      224.10
95.11       197.42
113.47      220.53
101.40      204.28
87.91       153.82
111.92      254.53
108.24      238.88
87.79       183.25
91.10       182.13
96.89       177.14
106.44      158.74
82.75       174.41
90.62       170.87
99.69       194.43
93.93       192.99
110.58      204.10
85.20       171.98
86.35       135.65
109.61      215.72
101.11      206.22
85.11       167.29
107.26      210.23
81.16       154.64
104.72      221.13
104.40      239.23
112.58      190.89
112.39      219.91
87.78       167.05
106.45      215.51
95.03       188.00
109.94      223.46
87.29       160.52
111.02      214.69
84.27       148.64
102.95      228.65
88.55       199.86
101.16      188.34
97.23       207.78
84.26       164.20
94.79       207.85
81.92       172.15
91.53       181.90
99.71       191.85
88.47       148.71
110.55      216.52
102.13      214.37
103.88      201.31
112.23      234.06
96.07       217.37
88.50       189.86
89.26       198.99
96.68       177.98
105.88      224.48
83.32       165.99
94.52       194.45
102.41      215.93
91.93       177.79
95.50       209.57
86.13       173.57
96.35       188.66
83.43       182.40
101.61      218.20
96.53       205.79
97.70       220.40
98.83       215.96
100.11      196.62
112.01      234.25
89.43       185.12
81.94       156.07
85.75       200.60
88.15       190.42
90.64       178.32
110.75      230.56
106.81      203.11
106.14      239.59
80.57       140.03
84.63       149.33
111.39      227.02
103.47      185.07
95.88       172.43
101.18      231.06
108.44      229.07
86.72       179.96
83.21       198.38
101.61      202.35
98.74       230.54
96.89       192.37
87.99       210.06
102.84      188.85
89.03       187.91
84.55       193.30
108.51      223.92
101.93      223.52
113.29      200.17
86.56       190.92
103.60      195.82
105.21      214.56
97.54       189.85
108.91      206.35
81.45       155.50
104.87      215.77
94.40       188.49
106.54      211.83
114.87      188.85
80.59       162.76
112.69      250.83
98.65       202.92
100.75      187.09
82.15       158.38
106.98      211.55
95.26       177.19
110.72      199.50
106.34      212.08
86.39       185.26
102.51      203.11
114.14      192.97
82.40       162.89
89.99       186.95
108.72      237.37
90.76       169.30
96.18       168.57
91.86       159.87
104.00      210.23
106.37      208.05
103.31      210.67
113.76      246.20
100.77      199.23
105.69      223.50
81.69       141.14
87.75       171.74
89.73       200.94
97.23       191.86
101.11      221.99
87.65       136.89
83.38       138.54
102.18      198.35
104.40      199.03
81.57       194.54
87.75       186.52
90.71       165.75
88.52       172.36
82.37       169.69
96.98       193.56
100.73      221.78
114.57      230.97
88.52       149.91
107.72      224.99
104.01      189.01
80.75       139.26
94.57       177.49
82.06       126.42
89.14       203.02
81.30       156.57
81.78       194.85
83.41       190.04
106.41      214.48
84.73       151.51
89.84       214.12
89.84       178.48
82.89       138.08
83.77       140.27
113.10      238.70
113.08      237.59
94.81       225.55
104.36      205.56
85.46       145.10
105.10      210.28
112.31      241.77
105.19      233.79
87.08       170.83
98.46       195.93
80.92       175.06
97.78       168.73
109.76      239.40
112.66      230.04
95.46       187.01
111.17      216.96
83.12       185.74
90.45       174.66
88.17       174.16
84.49       184.62
110.59      216.03
86.06       209.20
91.98       202.35
91.86       192.28
99.18       192.86
101.63      192.11
85.82       162.21
102.00      209.22
85.96       174.53
111.10      253.51
112.44      239.32
88.36       185.71
105.13      192.08
105.43      228.50
84.96       183.31
95.23       187.45
86.43       205.20
87.61       148.11
88.51       177.77
103.07      182.81
110.33      203.82
84.97       172.27
111.48      233.48
105.03      213.47
100.91      237.22
94.09       177.85
82.51       153.70
114.07      213.40
98.14       218.53
95.40       179.59
85.82       199.78
101.54      162.15
101.93      180.90
90.38       183.39
89.40       149.70
97.59       234.97
107.75      207.14
92.05       199.61
92.90       180.74
98.16       181.46
93.04       179.19
112.01      236.22
110.72      235.72
102.42      180.03
104.67      239.53
108.25      196.59
92.14       195.76
110.77      195.72
84.75       193.61
108.30      205.20
105.83      223.29
105.34      204.61
114.47      253.20
92.78       203.62
87.43       173.32
87.33       186.49
84.50       147.92
114.94      221.95
112.87      238.76
104.09      214.50
86.09       158.61
110.39      202.48
83.74       190.19
82.66       174.09
111.47      202.26
113.69      210.98
111.45      247.18
109.38      221.93
81.47       134.18
106.89      208.94
114.99      241.80
113.37      211.08
114.56      218.01
90.12       163.89
86.25       182.77
110.19      251.30
111.49      237.88
93.03       163.97
87.15       180.81
89.41       168.74
98.68       191.44
93.72       192.39
105.54      205.11
102.27      226.74
87.08       159.56
104.25      234.22
104.11      213.09
109.56      224.55
86.92       211.94
110.73      241.06
105.67      206.73
114.15      199.13
100.41      203.50
104.19      201.36
101.61      226.05
99.34       200.11
92.10       205.50
97.13       215.90
80.60       141.22
91.08       214.01
81.27       161.29
106.68      208.92
104.89      186.85
102.34      179.85
86.83       146.76
92.85       192.03
87.32       176.39
112.44      230.45
90.31       180.77
91.99       188.32
94.74       200.92
85.31       171.83
106.06      223.14
88.95       149.44
107.43      203.97
85.02       178.39
96.20       190.63
101.88      203.55
91.33       152.99
83.36       173.84
104.81      243.32
104.32      206.73
81.08       164.16
92.15       190.64
90.92       177.82
95.00       183.33
107.37      234.85
108.75      228.53
88.22       183.17
102.49      223.94
86.78       150.18
85.73       175.05
83.91       149.46
100.90      189.24
101.28      182.17
100.89      215.71
83.01       167.15
85.70       157.47
111.95      213.08
99.16       202.74
96.56       205.90
90.55       171.94
101.16      209.85
99.70       202.31
98.76       203.57
83.86       184.96
95.09       210.30
82.33       195.72
113.17      206.12
95.46       162.85
83.05       200.88
83.29       161.58
84.70       159.25
113.41      250.02
111.93      225.19
84.03       185.25
100.41      196.91
96.77       157.17
93.32       171.70
87.59       145.99
100.70      211.26
101.71      194.95
97.28       167.17
90.95       182.67
111.99      226.29
81.96       190.20
105.15      216.22
89.11       195.53
102.26      158.96
80.74       218.41
109.08      229.86
103.09      185.18
112.99      234.58
106.63      243.70
112.38      247.91
102.31      183.11
98.49       240.47
100.05      207.91
106.04      186.09
88.60       219.17
110.58      204.92
89.39       178.11
94.69       187.09
106.69      208.74
103.44      216.01
95.82       171.44
80.51       137.69
82.24       160.05
91.85       181.06
109.23      211.88
103.44      155.27
97.32       180.07
104.76      213.06
90.13       184.60
105.30      222.39
91.36       192.74
96.42       215.82
114.81      247.82
81.04       197.13
105.21      188.78
92.53       130.98
106.58      189.34
97.94       197.45
101.10      186.90
114.49      225.61
101.80      214.33
96.15       166.87
108.17      230.10
106.31      206.75
114.40      205.50
110.40      235.85
104.93      221.37
87.69       158.78
89.13       219.18
98.33       170.66
84.76       157.15
106.80      196.59
104.12      215.90
109.86      222.90
84.37       178.50
104.52      210.26
108.40      225.30
90.46       182.72
108.61      214.19
98.39       220.10
90.75       199.50
109.98      188.02
106.93      246.48
98.78       192.24
80.35       169.74
109.82      250.83
100.56      204.55
99.48       199.78
80.39       170.60
109.79      196.20
88.62       195.26
80.66       165.26
111.69      231.61
106.87      175.10
80.55       140.48
90.06       189.18
107.98      220.23
111.58      184.44
111.61      229.81
98.57       194.31
106.97      259.46
97.15       206.33
113.91      193.16
91.37       170.84
92.78       206.06
105.19      250.27
107.30      201.74
113.79      231.47
113.08      215.73
110.84      224.02
111.66      215.32
83.95       150.53
114.29      217.02
81.54       174.40
100.05      187.72
84.72       198.59
112.29      222.54
94.99       220.71
90.38       154.01
107.88      206.47
94.13       168.37
109.11      235.71
95.60       211.70
80.48       157.00
108.92      215.62
93.51       217.30
83.05       158.07
100.42      204.70
92.06       186.59
92.25       177.83
100.19      234.43
104.92      211.07
88.21       179.70
83.81       156.54
106.36      234.89
109.39      225.81
108.75      212.47
102.44      216.06
82.43       174.08
88.46       198.87
100.11      204.63
85.88       180.53
95.16       185.02
95.20       219.10
98.21       209.42
109.08      194.10
105.77      234.35
102.40      186.68
106.22      197.19
104.37      222.45
105.60      209.75
83.86       160.03
103.51      215.59
113.17      260.78
94.09       171.42
83.97       158.15
97.19       170.04
81.68       185.57
89.31       185.08
108.43      230.02
90.18       150.80
94.42       157.40
87.55       146.21
101.26      207.18
98.50       211.85
83.62       157.78
111.13      224.83
93.55       162.96
89.78       172.11
101.52      208.23
105.36      225.37
90.02       189.54
86.06       175.88
85.03       149.17
113.83      202.06
100.21      206.18
89.93       185.55
102.05      204.90
87.25       198.40
97.19       232.86
80.47       186.58
113.28      244.77
114.39      259.01
113.36      241.05
84.07       145.20
84.54       174.63
107.34      227.61
112.18      232.12
85.20       193.28
98.24       193.50
106.42      206.98
82.92       174.33
80.12       157.53
105.77      200.61
84.17       165.08
82.34       165.32
102.19      227.85
84.65       156.42
89.15       202.75
90.16       201.86
82.82       175.44
103.55      217.26
84.96       187.11
85.14       151.02
100.14      175.21
84.25       148.35
112.83      247.93
113.26      228.72
111.13      243.96
97.35       179.65
96.48       191.38
110.41      226.06
95.54       192.64
104.94      199.36
95.71       215.25
99.69       214.06
92.05       193.09
80.49       146.94
100.89      216.73
84.50       188.67
106.36      205.30
84.39       167.53
87.66       154.50
86.21       185.34
89.72       199.31
104.46      189.30
109.67      212.01
103.10      211.62
108.05      182.35
95.48       162.66
109.84      207.36
109.64      218.56
91.34       150.76
95.44       205.92
112.37      210.81
97.75       193.26
83.52       157.87
88.68       191.67
93.57       201.68
87.64       172.91
86.80       158.23
85.06       155.11
92.59       188.19
106.18      214.27
110.75      304.39
108.16      225.92
114.20      216.18
89.50       183.89
96.30       217.52
87.52       154.32
104.72      181.04
102.48      189.85
110.30      251.42
113.19      211.13
112.03      204.35
96.71       183.96
113.46      261.74
104.79      198.27
102.32      190.15
97.19       171.33
88.79       177.65
80.40       156.45
110.84      251.75
110.82      205.37
94.98       216.28
106.13      203.11
99.13       203.02
98.07       215.05
104.67      227.05
96.68       182.15
110.40      207.14
105.29      212.37
100.03      224.64
84.46       137.26
90.65       170.56
87.64       152.42
105.66      241.64
83.45       165.17
111.75      235.06
103.22      180.41
100.79      187.25
97.96       197.51
92.12       208.44
87.22       202.22
97.99       180.35
106.26      215.70
104.72      212.83
101.03      196.00
102.65      218.64
108.07      252.06
105.47      248.24
94.92       178.30
109.42      217.04
104.55      207.56
99.96       188.93
85.75       179.41
108.22      188.57
92.63       197.04
94.13       186.76
113.58      245.03
99.07       231.08
100.06      187.07
112.76      229.90
80.52       155.68
111.07      228.93
97.74       182.74
91.47       194.65
104.07      181.62
99.49       199.65
100.28      215.26
98.14       169.99
97.22       214.08
111.56      214.38
114.33      240.61
80.43       115.88
94.60       206.05
92.78       206.84
89.99       187.74
96.63       195.95
101.23      173.74
106.74      206.20
99.39       210.70
97.41       200.34
99.05       195.85
101.01      156.64
106.16      223.29
107.68      254.72
99.19       180.28
109.31      209.47
89.05       204.15
102.10      200.32
106.55      185.74
105.62      227.17
90.55       151.34
97.85       206.15
110.48      218.67
88.16       156.28
88.68       165.09
109.17      260.84
83.62       170.40
104.87      190.53
111.91      226.68
80.76       197.60
87.39       182.32
107.26      191.97
96.93       213.94
109.32      214.58
90.69       177.67
83.09       154.73
108.09      203.97
112.62      219.05
111.50      226.76
80.19       174.12
109.46      237.44
110.01      209.10
94.19       203.95
96.23       190.75
82.86       159.89
106.22      207.40
114.34      223.37
89.83       183.05
108.87      217.19
87.56       179.68
114.37      192.34
95.20       223.43
88.39       205.46
105.42      215.49
97.72       182.42
96.44       212.97
103.59      204.18
80.12       147.49
83.89       167.18
82.00       177.94
103.19      237.53
101.23      176.64
95.09       203.89
112.33      227.12
92.12       183.70
85.14       177.41
86.17       185.23
88.30       215.09
105.16      209.60
106.44      231.59
111.35      203.83
92.91       206.33
85.30       161.27
87.72       163.31
110.25      205.37
89.33       163.32
83.23       147.74
85.24       182.95
84.63       196.74
103.06      181.42
113.95      237.90
97.24       197.86
94.07       188.69
88.22       160.43
89.14       193.90
81.11       155.58
100.19      189.74
89.64       185.95
93.84       182.49
115.00      215.63
96.73       208.11
111.48      241.42
90.58       207.01
87.15       177.96
97.98       156.17
93.16       206.25
82.39       201.76
88.60       208.53
82.22       184.85
94.17       162.28
89.39       194.67
108.29      210.18
98.84       208.72
86.51       160.52
93.96       189.31
104.96      212.81
113.00      226.12
91.21       195.19
98.48       163.68
87.10       157.44
89.74       183.92
104.72      224.18
92.99       210.28
100.13      174.98
109.40      198.75
95.13       202.05
107.41      207.01
105.60      209.80
102.34      190.91
94.45       163.97
99.26       192.23
94.66       186.35
98.07       216.67
82.12       166.57
102.15      192.30
85.97       197.95
90.54       186.03
95.88       210.77
102.64      200.46
99.06       213.05
104.50      251.44
88.06       185.05
92.09       182.04
102.20      204.92
96.76       168.61
86.49       138.53
108.38      208.70
85.61       135.90
109.73      246.40
108.74      208.83
81.77       163.56
104.75      243.02
80.78       166.73
99.37       199.33
107.85      225.00
99.25       195.96
113.76      238.10
102.97      198.45
93.23       183.34
89.64       185.78
112.87      224.94
113.78      234.70
83.73       164.94
92.26       165.81
82.19       186.24
84.90       170.01
104.89      197.28
85.33       203.27
84.18       116.24
113.65      238.81
86.48       173.98
100.96      215.17
101.47      199.63
105.18      219.73
92.29       229.88
92.98       196.47
103.49      200.55
85.39       154.22
96.02       201.49
95.54       169.19
81.45       203.37
82.68       151.00
104.62      219.46
89.84       181.36
97.33       182.62
107.14      205.32
83.18       190.69
88.14       166.30
101.72      184.29
90.90       137.98
102.65      193.27
80.49       194.49
95.89       180.52
103.14      205.16
81.77       171.03
81.04       150.80
81.30       121.95
93.15       173.96
102.17      196.47
110.01      184.10
94.64       217.24
86.68       168.52
90.81       184.22
112.52      209.97
113.32      222.10
110.81      208.18
110.86      214.64
98.31       206.22
93.40       220.06
110.55      202.18
96.03       179.30
94.55       202.95
81.16       131.40
91.48       222.16
97.54       207.04
110.17      224.30
102.20      190.95
80.49       199.97
112.84      215.77
109.32      226.45
105.73      227.20
89.63       161.04
103.88      172.48
99.86       204.47
98.74       180.12
103.27      211.14
95.17       211.35
82.66       159.28
112.42      243.27
95.48       207.79
110.16      218.54
92.53       218.00
108.29      172.13
86.76       176.17
105.74      205.24
92.75       198.55
94.59       170.27
99.63       235.67
91.59       166.71
107.65      214.43
102.90      198.79
97.68       219.91
80.96       156.67
106.07      224.95
85.56       170.78
106.30      212.46
113.54      252.33
94.37       188.34
81.94       173.76
89.78       189.30
83.07       144.34
92.22       183.10
97.28       173.64
88.23       153.86
114.28      234.05
108.47      207.69
109.60      252.57
92.60       195.22
92.00       187.83
114.77      230.61
93.03       207.92
113.87      255.98
91.78       195.27
93.28       202.65
102.19      212.01
93.20       175.98
95.74       180.98
103.97      226.74
104.80      200.42
101.54      172.95
95.36       169.17
90.05       204.54
94.49       195.51
104.65      227.29
93.19       171.45
84.48       171.88
108.15      189.33
104.10      209.20
110.19      199.28
95.88       190.13
99.19       175.65
114.28      235.24
106.46      221.16
106.84      216.56
112.87      209.09
97.47       189.84
90.11       183.58
112.84      208.15
89.24       201.01
103.32      200.99
94.55       194.20
114.54      228.68
108.24      215.21
113.76      258.73
83.77       204.37
101.16      167.11
93.63       178.96
83.46       187.01
99.70       207.46
98.27       186.87
95.49       184.34
81.23       181.53
85.90       175.28
107.86      244.33
100.61      188.66
106.82      206.77
94.89       199.09
92.31       199.42
89.92       190.76
81.97       175.47
83.14       164.00
98.05       226.16
109.81      199.40
96.35       222.64
82.03       181.92
111.95      216.08
87.50       193.20
92.52       191.47
98.52       212.50
85.36       149.82
109.86      224.50
93.63       173.57
87.71       179.78
101.71      221.84
91.21       167.86
84.88       175.44
96.66       180.50
83.91       170.73
106.54      241.85
93.86       182.50
90.78       190.80
92.59       170.09
94.88       200.09
90.59       197.29
82.28       181.97
99.53       213.32
90.36       177.45
88.61       161.66
109.53      252.97
114.75      237.22
83.37       158.86
81.38       154.18
110.73      202.60
114.29      233.59
97.66       207.82
92.57       166.41
84.94       159.79
105.24      179.81
87.72       199.08
97.04       199.00
105.84      207.82
107.56      223.81
83.96       181.17
80.23       171.47
90.03       186.67
91.75       171.37
87.25       197.40
99.22       199.92
96.84       187.54
94.87       205.16
87.58       171.36
80.22       126.77
99.39       210.97
114.06      228.00
103.53      192.47
81.82       175.99
110.74      226.64
114.77      211.46
81.14       162.43
99.28       184.56
103.11      222.90
113.01      204.23
92.35       199.77
87.34       161.53
99.02       204.98
88.98       161.01
99.04       235.40
91.19       183.79
90.47       206.37
103.32      173.11
100.98      213.47
91.64       182.56
106.96      225.85
86.67       164.26
102.23      196.04
84.25       153.03
102.97      208.95
101.30      220.92
86.12       175.76
96.44       190.84
80.87       163.11
104.10      188.08
101.27      202.38
113.14      224.25
89.61       186.86
95.50       197.36
99.10       230.51
112.94      229.78
86.58       178.66
87.68       168.51
81.62       157.15
98.54       207.82
93.62       187.40
106.53      213.05
113.64      231.92
103.14      205.34
107.63      220.57
95.78       192.35
105.96      202.88
109.29      223.06
105.26      182.30
105.37      249.68
103.74      170.57
92.65       202.94
98.91       186.44
105.09      237.77
93.83       179.78
97.03       220.96
81.79       177.18
93.05       181.23
112.80      229.09
85.01       176.83
114.62      221.34
101.04      211.51
85.30       172.11
105.75      216.05
82.84       187.94
82.25       152.29
84.74       161.72
113.70      237.85
111.42      238.52
96.07       180.95
85.73       167.55
94.13       215.25
103.73      212.31
82.95       173.52
88.23       159.08
108.18      242.64
114.26      226.71
106.48      202.59
92.67       182.63
108.28      236.41
86.07       164.64
90.71       183.95
90.41       194.90
83.87       205.91
87.57       185.40
84.99       182.12
90.30       175.79
111.69      181.92
82.41       183.35
102.36      193.71
109.73      218.28
99.06       182.77
95.44       199.65
87.42       194.16
84.54       177.19
86.07       164.32
92.18       221.04
97.22       194.30
111.67      201.01
107.40      211.92
90.87       204.67
87.01       210.17
101.86      194.16
80.75       145.19
96.03       212.05
90.05       196.87
83.85       174.14
89.41       153.67
111.31      244.22
99.25       198.03
88.83       189.29
104.21      206.57
81.39       200.33
111.24      193.20
101.72      239.61
109.66      225.37
90.25       170.13
92.96       219.29
111.83      240.20
87.57       201.11
105.92      216.68
80.23       151.94
103.87      194.79
103.67      220.60
106.19      236.93
81.45       176.32
108.70      210.37
100.37      199.38
101.44      222.14
103.21      208.74
90.32       187.41
86.77       204.86
105.40      214.49
105.94      247.71
94.98       197.90
81.44       170.10
88.02       171.33
94.92       205.05
114.50      244.48
93.59       194.01
86.65       172.71
111.81      240.23
105.08      208.58
101.50      197.16
88.42       178.07
100.89      229.66
91.82       183.61
107.75      221.62
101.20      191.22
100.49      195.74
100.52      173.91
106.31      238.55
81.43       146.24
112.02      218.12
113.10      241.21
103.92      195.58
91.95       210.23
87.34       188.75
104.21      234.57
101.85      199.85
86.45       177.16
113.64      227.52
101.05      225.95
107.52      219.57
108.78      232.79
90.75       213.30
102.58      255.50
111.54      210.81
89.51       180.32
102.42      167.76
106.79      210.31
109.47      225.27
81.27       172.21
109.87      202.25
96.65       211.51
83.70       191.42
101.51      176.73
112.51      200.36
98.47       212.58
103.13      191.40
101.02      192.26
91.28       168.27
108.26      202.57
85.04       140.09
103.55      194.20
107.60      199.46
105.61      225.88
102.55      214.42
82.54       179.97
101.27      199.58
103.26      201.48
88.24       193.85
106.27      244.21
92.36       210.72
90.08       187.43
110.05      200.80
82.48       147.17
103.70      226.17
109.50      242.90
88.30       192.05
101.92      212.65
108.22      216.27
90.15       164.68
81.97       170.95
104.62      221.56
109.54      221.31
98.67       189.86
84.90       167.46
99.40       193.37
91.85       203.79
103.22      236.46
100.30      201.65
86.03       193.58
95.87       189.44
112.91      213.07
88.83       148.19
105.65      189.90
80.95       158.36
98.05       201.13
114.06      222.41
105.67      218.67
83.39       173.39
88.28       193.57
83.84       171.73
85.33       184.33
98.83       222.10
112.45      229.91
113.99      215.84
87.44       192.61
82.65       170.22
110.56      212.94
106.69      215.50
105.79      199.60
83.13       169.49
80.26       148.64
90.49       198.53
108.73      208.62
88.84       174.83
90.67       205.51
94.50       239.27
100.01      217.67
110.58      205.18
82.48       167.23
102.65      198.92
80.24       142.43
85.49       199.25
109.58      206.00
99.13       221.49
96.34       171.58
113.91      234.43
110.54      221.47
80.03       170.66
99.83       209.74
82.00       154.76
94.21       175.00
106.20      226.36
90.62       164.22
89.96       175.24
90.18       241.86
107.16      215.69
109.55      215.37
95.64       188.94
93.13       161.42
113.30      253.13
112.90      257.32
108.16      229.86
90.31       177.88
98.78       211.31
82.86       186.31
95.55       189.76
108.98      198.62
89.21       210.22
114.98      225.89
109.11      206.08
90.86       169.87
89.63       197.64
82.38       173.95
96.86       207.28
88.31       172.12
99.57       173.22
85.55       164.84
80.46       155.28
81.35       148.68
104.95      182.47
97.18       218.81
83.77       170.65
105.26      237.52
94.19       193.31
81.25       147.05
102.69      230.06
88.26       183.97
85.67       193.30
99.59       202.41
81.81       165.90
100.16      188.79
107.49      207.25
86.80       169.41
100.89      217.49
91.29       169.91
108.48      193.22
90.70       162.83
93.68       162.90
95.37       201.77
81.10       143.38
104.72      221.12
81.97       171.99
92.29       165.95
85.03       187.54
107.16      218.43
83.90       181.94
98.82       225.88
86.87       146.06
83.97       176.68
83.78       165.69
101.90      190.76
86.94       191.49
104.39      217.39
80.46       154.14
96.87       197.68
91.21       187.27
95.24       196.25
109.65      211.62
96.08       180.51
105.22      257.73
112.02      244.58
99.61       177.12
114.27      227.85
91.59       191.09
89.76       188.88
107.71      210.95
111.44      223.01
104.04      192.43
96.49       169.82
86.67       170.79
89.41       161.21
110.62      229.17
86.04       152.38
112.29      205.49
91.08       151.39
86.71       154.91
110.04      207.67
102.87      225.43
109.89      251.81
101.44      206.48
100.18      195.95
101.41      216.99
99.53       203.48
93.46       188.10
102.45      174.15
104.70      212.07
90.71       187.54
111.06      221.76
106.06      222.49
96.82       187.22
87.72       179.79
97.52       199.81
95.36       202.72
106.21      211.98
107.74      226.85
105.42      238.07
86.98       171.21
95.00       171.46
81.98       116.30
101.25      220.92
83.32       195.46
110.99      226.14
111.01      238.96
92.17       194.13
111.25      253.25
91.63       191.80
85.41       192.37
113.91      233.95
106.04      209.88
102.11      198.13
85.57       165.71
81.87       177.89
107.21      221.52
81.73       157.15
95.57       215.20
96.32       176.37
114.53      211.69
92.69       173.10
112.48      222.10
80.99       166.94
103.53      215.42
93.29       220.56
111.87      231.51
111.02      250.17
108.14      224.19
99.89       182.58
113.35      221.90
100.25      166.46
106.87      224.41
94.64       184.95
91.75       176.48
91.45       165.58
87.03       161.74
99.96       226.98
106.43      259.41
99.18       219.48
97.48       190.67
93.57       182.58
111.73      216.09
91.79       171.25
83.14       130.83
98.59       237.16
98.74       174.51
109.52      223.26
109.56      207.89
89.40       146.41
105.52      196.39
107.77      202.82
84.70       179.52
83.34       155.45
100.70      192.56
102.77      184.23
104.18      229.57
101.77      191.26
112.16      253.70
107.88      254.82
83.78       148.17
92.08       203.62
87.71       196.80
86.43       163.41
114.82      251.27
104.46      209.67
89.77       145.38
105.79      188.63
114.69      229.55
81.63       168.64
91.19       196.77
98.68       212.49
114.58      230.96
88.25       194.45
84.79       162.46
103.70      207.11
81.75       180.51
110.51      228.82
108.29      220.26
91.46       208.00
92.68       207.47
112.21      220.31
82.17       177.73
81.02       159.82
91.89       189.31
110.46      215.87
109.08      224.60
87.29       193.26
101.11      198.67
88.21       210.40
102.04      171.56
80.42       151.92
88.99       181.88
87.23       157.63
85.60       174.67
94.64       192.87
86.63       173.55
109.96      237.51
92.59       184.90
103.25      195.36
100.76      205.68
89.68       183.43
97.64       231.08
80.35       152.48
94.60       179.38
102.96      207.94
103.93      204.24
96.11       169.04
101.68      180.10
111.71      235.11
110.65      227.43
88.94       173.04
95.57       183.03
113.04      218.38
95.70       183.98
86.80       204.11
111.68      241.53
106.05      193.07
101.08      224.96
97.99       199.87
89.86       167.15
92.29       196.77
105.04      260.07
94.13       187.11
111.91      211.49
99.48       180.14
91.37       173.67
99.18       185.85
103.57      200.71
105.72      185.91
95.46       195.20
80.47       152.41
82.68       160.15
84.65       178.05
108.64      219.43
104.59      212.02
101.15      223.76
97.55       170.67
111.05      244.33
109.56      206.35
96.39       204.72
91.02       183.78
111.12      229.83
108.05      211.36
101.73      226.09
90.76       193.02
80.86       175.82
106.09      213.04
80.78       173.45
101.24      206.06
96.71       206.47
100.80      217.10
105.27      194.45
100.48      209.56
97.42       186.00
102.43      232.94
98.68       200.98
97.27       189.87
98.75       182.90
80.81       159.23
99.65       182.45
81.11       180.47
83.25       154.61
86.29       191.91
94.48       171.36
86.35       166.57
90.10       206.21
86.32       194.67
84.03       157.32
91.19       200.24
88.73       174.48
88.39       142.83
106.16      175.77
103.79      187.57
93.17       219.00
91.34       150.02
85.76       169.45
101.16      207.14
108.65      204.55
104.06      215.28
108.38      212.49
81.74       176.59
101.29      213.33
92.78       201.65
81.67       144.39
96.59       198.49
87.39       209.55
110.09      225.19
113.71      237.06
100.25      218.55
107.85      233.31
94.90       190.87
86.63       162.12
110.91      260.72
96.59       197.29
102.30      192.21
98.38       217.03
88.62       158.48
103.95      212.56
86.56       165.41
114.16      211.72
94.31       201.10
113.02      258.41
103.04      216.27
110.28      243.52
84.68       137.29
82.80       175.39
111.17      246.41
95.07       192.34
87.61       178.67
82.34       168.22
112.24      236.73
80.21       157.86
100.60      206.46
96.60       200.71
110.07      229.94
99.18       200.26
106.96      235.32
97.37       227.51
110.30      219.73
81.79       161.62
114.19      244.94
92.84       180.16
82.33       166.19
85.86       172.33
110.00      179.64
108.58      221.16
113.21      190.51
83.94       145.02
103.50      221.89
111.91      234.62
86.05       143.66
99.07       239.95
98.29       218.61
99.46       222.11
94.34       165.99
99.70       228.37
91.21       210.46
102.10      209.85
103.71      204.31
98.91       198.90
93.15       177.32
113.64      204.59
87.02       185.16
105.39      185.34
107.17      224.14
87.23       176.31
83.92       165.38
98.31       207.50
103.54      214.13
84.41       215.76
83.84       140.62
101.20      208.42
103.64      208.29
111.94      214.59
109.43      233.28
100.83      196.17
112.85      273.93
94.98       187.11
97.56       238.20
112.11      211.79
86.90       152.05
84.76       209.64
97.67       200.65
90.11       181.68
86.68       176.50
100.79      226.45
89.33       191.14
102.63      232.99
112.12      240.53
103.67      233.31
92.33       198.52
107.22      194.93
109.65      220.76
98.15       187.20
93.98       177.05
99.26       201.81
90.75       207.62
104.09      210.13
110.81      206.47
83.81       187.99
100.47      194.33
98.55       159.18
106.33      199.79
104.07      240.57
99.01       195.49
80.87       151.74
96.54       179.46
110.75      205.49
96.66       216.59
110.36      209.40
104.84      214.82
89.16       195.64
97.47       209.81
81.82       152.01
99.71       179.08
96.34       209.09
87.27       140.74
100.82      181.38
93.69       164.51
114.14      230.74
91.38       188.96
101.19      189.74
103.05      192.36
94.80       199.92
101.00      187.86
106.60      179.82
97.13       215.76
108.61      246.51
104.70      218.68
101.34      219.80
91.13       211.77
96.25       205.94
102.13      230.28
112.98      259.50
107.26      217.86
101.85      189.08
91.71       164.92
93.80       158.87
91.05       158.60
81.95       151.37
106.60      204.31
98.13       209.55
101.70      206.40
85.14       210.25
95.08       171.90
110.79      200.81
81.12       176.79
99.46       197.91
80.61       166.36
105.71      213.38
99.66       187.76
80.17       180.33
99.58       204.78
84.20       157.49
107.44      220.61
87.31       180.69
88.32       173.72
98.60       195.41
102.29      198.63
100.78      189.63
84.35       149.30
100.02      205.73
106.49      213.90
112.25      273.75
90.13       185.42
102.70      211.08
104.78      211.51
114.71      250.16
101.49      204.19
99.04       203.94
114.73      225.07
82.73       144.24
105.02      206.42
86.14       195.34
82.29       155.76
109.59      237.95
89.40       195.78
89.88       174.85
92.39       179.71
99.58       200.07
94.79       208.05
81.23       176.59
97.82       186.73
89.26       204.47
87.48       173.58
87.66       175.02
92.00       189.48
85.77       149.58
111.59      213.01
103.57      202.72
109.53      226.20
112.76      210.96
84.09       202.56
88.79       167.25
93.70       194.26
90.80       165.43
105.66      232.84
114.46      244.87
111.37      240.61
85.34       154.54
104.96      189.76
103.82      222.79
89.75       177.08
84.28       193.82
109.53      235.65
85.71       169.35
94.39       145.88
80.16       174.39
83.53       128.30
80.43       157.38
83.74       178.35
103.40      207.94
83.35       176.54
99.64       211.03
84.61       196.27
83.43       144.53
102.39      214.02
90.56       218.64
100.44      196.52
90.95       169.89
86.36       158.83
85.21       182.67
92.10       191.05
92.75       207.69
94.04       185.16
101.96      213.86
109.94      231.81
97.46       216.54
82.61       163.77
84.37       179.28
83.10       185.50
94.02       219.25
99.41       202.87
111.94      239.76
109.11      182.54
106.71      209.02
87.40       187.95
88.84       152.20
86.64       178.76
91.13       205.39
100.08      166.25
92.80       171.89
104.54      209.50
105.96      223.03
81.79       176.25
94.97       164.84
87.28       181.24
110.08      246.50
107.20      237.06
99.32       200.19
103.50      193.54
98.29       191.67
85.34       160.65
104.03      206.45
93.62       150.35
102.20      210.13
88.95       168.81
106.71      206.00
112.18      210.02
86.55       175.94
105.48      192.62
107.47      208.04
92.43       205.63
111.92      218.55
104.94      225.92
98.29       230.17
108.27      240.85
108.32      225.31
83.34       157.65
101.66      211.99
94.03       204.09
113.80      220.32
80.91       189.66
109.68      219.06
85.27       136.29
103.52      195.49
82.48       173.99
81.62       141.31
98.99       226.96
93.95       187.67
103.29      203.01
105.35      206.30
108.85      234.56
87.90       218.59
98.15       162.20
113.51      200.33
111.66      207.20
112.78      216.14
110.35      211.33
83.71       162.78
109.22      231.75
95.74       218.52
82.58       178.26
94.05       175.79
93.38       169.67
86.45       167.55
111.20      191.47
105.63      216.25
89.97       157.12
99.49       206.03
109.94      208.01
91.47       181.91
107.39      189.92
100.06      188.70
112.87      225.51
103.66      236.43
108.93      240.50
93.08       162.99
103.89      197.94
107.49      187.65
103.06      199.68
85.87       171.80
87.14       152.69
99.73       220.86
111.61      228.68
105.67      231.42
109.74      198.58
114.06      269.73
95.99       153.21
97.47       177.24
103.82      200.08
82.23       183.82
81.62       185.01
96.79       210.90
82.61       130.77
103.86      201.56
87.73       171.27
107.61      220.62
113.85      216.91
98.27       229.29
88.72       175.55
105.82      227.47
100.81      205.78
94.93       175.52
108.21      249.98
107.51      230.87
109.12      189.58
109.00      230.48
95.68       226.47
90.12       216.73
85.67       163.38
91.11       211.89
98.40       176.95
88.58       187.84
97.20       202.31
114.54      235.93
104.49      205.30
111.87      228.30
101.25      152.32
104.31      230.18
82.02       171.81
85.01       174.46
91.71       163.24
94.85       186.89
97.75       181.77
80.35       169.42
112.61      248.93
97.02       223.91
105.98      221.15
105.34      173.16
112.90      224.04
85.12       172.37
113.64      236.78
86.42       163.18
100.89      216.52
98.07       220.40
92.30       176.76
83.51       190.98
82.63       160.57
97.28       204.84
98.14       197.23
92.51       206.00
104.73      225.81
96.91       183.91
90.10       194.15
95.76       204.20
96.75       193.86
95.64       184.05
106.76      230.38
103.96      182.79
82.91       175.53
85.37       173.19
107.24      203.45
89.36       181.85
112.61      229.05
102.85      215.74
103.64      189.01
91.49       193.54
101.27      210.05
100.79      186.41
105.88      237.86
100.21      188.95
99.25       179.80
94.87       151.50
105.58      201.47
93.34       199.88
92.17       200.58
88.50       150.00
96.11       187.24
80.38       177.80
83.50       172.66
102.56      230.11
105.45      191.32
98.12       237.64
101.71      210.66
113.01      241.41
99.54       185.87
106.89      236.85
85.73       183.39
103.40      212.10
90.39       176.21
107.73      196.29
93.52       180.80
93.46       191.16
83.31       165.05
88.39       147.22
113.35      228.06
106.07      229.12
84.08       149.88
105.50      221.34
85.90       195.50
109.24      223.09
104.97      218.08
99.59       193.79
88.40       163.63
90.29       164.89
94.72       217.20
95.51       194.34
108.27      198.07
90.97       197.85
103.22      240.51
108.83      230.05
106.17      215.38
109.80      203.61
112.64      219.91
108.93      233.25
111.87      215.13
112.17      219.02
114.13      228.42
114.61      265.23
99.19       200.20
114.32      261.73
95.58       185.48
91.00       201.18
113.40      217.38
94.29       173.00
111.22      226.78
85.96       172.80
103.41      193.51
101.96      181.50
81.51       176.51
101.39      206.56
95.85       165.85
104.39      234.17
101.08      211.50
98.20       163.72
94.83       157.06
104.72      213.25
108.71      236.76
102.02      217.48
113.96      218.36
112.77      209.86
94.29       195.03
99.20       188.26
97.57       216.39
109.45      198.11
85.16       151.54
100.29      177.51
98.96       207.81
86.61       162.62
103.77      231.83
104.72      224.62
102.31      218.23
111.54      239.21
113.29      238.74
108.90      225.28
92.13       168.75
91.63       189.39
94.44       178.38
83.94       170.10
91.00       192.85
81.67       190.78
109.28      212.64
110.07      231.84
96.83       205.07
83.45       161.15
109.38      210.58
83.63       144.00
106.71      203.25
103.74      227.86
89.21       161.83
99.65       194.55
87.34       159.80
88.98       158.93
92.22       178.36
109.12      206.68
95.77       182.31
99.57       147.81
94.38       164.68
109.35      196.63
95.89       197.61
83.52       190.61
97.52       214.25
107.64      254.68
83.39       165.96
80.24       206.11
84.44       195.16
113.68      236.33
96.21       191.53
96.26       203.63
85.50       167.69
114.99      251.74
111.00      194.86
86.33       146.34
99.47       196.20
86.54       170.95
110.32      224.79
92.15       162.04
106.11      219.39
108.44      203.02
84.56       166.15
87.31       209.05
110.59      210.52
81.45       149.75
83.44       174.23
100.15      248.48
104.31      228.53
95.38       204.09
82.94       154.96
109.93      245.02
97.65       213.75
108.25      190.11
96.69       184.85
94.44       159.24
108.63      241.75
86.62       198.68
87.56       188.13
81.05       166.07
104.23      221.30
81.54       167.92
95.74       216.48
114.98      272.49
80.76       196.40
102.41      234.08
89.35       208.40
86.65       178.57
95.08       191.77
102.39      195.75
89.52       174.28
111.25      237.74
94.12       159.23
102.09      208.10
110.78      257.05
113.28      218.96
105.66      208.51
81.79       192.90
99.97       176.91
99.62       198.78
83.92       176.96
111.74      221.41
88.58       179.47
92.69       205.71
88.91       200.62
85.39       143.89
102.99      217.79
106.74      247.11
106.45      213.11
113.42      197.55
93.13       175.13
86.59       147.84
113.15      213.67
106.43      200.81
84.00       170.80
82.32       192.13
101.21      218.81
96.52       214.73
98.67       203.88
86.56       164.05
113.20      217.16
108.85      224.78
107.01      197.32
104.88      225.27
98.15       213.76
91.31       170.53
111.54      239.42
85.99       166.97
96.30       204.76
106.33      205.02
113.26      244.28
93.02       189.20
107.11      193.83
89.82       192.65
90.29       186.81
105.14      226.60
111.88      233.00
104.61      220.02
80.67       167.42
98.42       195.63
101.10      200.54
87.27       184.15
97.92       190.48
101.59      182.74
104.77      203.87
105.99      214.89
113.52      220.56
97.05       190.66
83.21       171.98
98.95       205.71
89.04       162.86
105.82      234.92
92.81       169.29
84.33       173.79
103.37      187.68
88.67       190.14
113.86      213.39
94.99       198.64
112.69      208.15
111.07      181.81
97.83       191.05
81.30       177.89
111.84      225.24
91.27       215.18
98.44       220.16
86.56       189.17
91.17       151.79
99.27       188.72
100.27      191.53
83.07       173.93
95.63       195.38
108.90      222.83
107.16      221.20
111.25      200.00
96.56       206.41
107.69      233.30
99.87       205.53
111.35      228.20
102.06      211.91
106.26      217.72
89.15       206.49
100.97      226.27
104.34      218.51
84.08       187.89
90.61       215.55
97.57       202.07
113.94      248.89
80.62       149.29
86.02       167.67
91.07       200.12
112.39      216.30
83.57       167.75
93.70       208.00
103.14      212.19
104.64      175.72
102.40      232.93
100.57      204.48
96.69       205.40
109.66      191.45
93.60       192.02
84.72       139.33
92.61       205.34
106.72      208.96
99.15       200.44
107.88      207.31
97.51       192.02
111.55      226.91
92.37       179.74
107.58      243.42
97.30       183.18
89.20       133.28
103.11      232.99
95.89       224.32
110.78      221.19
102.20      244.14
105.46      219.84
87.53       169.26
98.61       177.47
85.30       158.63
81.86       170.49
106.24      214.14
95.15       192.47
106.27      216.84
106.70      179.53
97.08       178.74
103.95      195.63
81.08       140.03
106.73      227.41
88.77       223.45
82.09       155.31
81.11       188.16
97.74       185.27
91.08       157.67
85.43       170.87
80.83       167.53
98.26       188.74
84.31       186.21
101.57      217.76
83.44       184.53
84.32       139.02
107.86      214.94
84.30       159.13
103.94      194.30
92.65       177.43
86.78       194.76
88.68       172.79
103.25      199.82
106.18      206.33
85.82       162.67
88.27       169.16
93.98       208.23
113.54      215.76
89.90       179.18
92.54       178.49
102.24      211.10
87.64       162.26
93.59       194.34
109.37      219.07
102.84      201.24
100.48      196.66
108.12      220.83
100.40      213.45
111.51      238.44
87.56       185.79
90.00       144.96
102.98      227.46
87.96       186.70
111.99      235.99
98.00       208.76
100.42      196.50
84.73       171.75
97.31       198.16
87.95       142.28
105.82      208.77
97.22       224.53
85.99       169.51
83.90       157.37
113.55      237.98
104.44      214.06
100.23      201.00
85.90       188.47
93.29       189.98
92.57       178.02
88.21       200.03
87.07       178.58
90.77       223.16
91.18       194.91
80.19       140.03
104.27      223.20
113.54      208.93
114.97      215.77
94.04       190.27
84.49       180.14
83.80       178.54
81.30       189.88
110.89      255.94
104.34      236.60
84.77       187.04
102.28      190.79
89.79       173.04
108.69      209.66
81.18       187.97
103.96      217.10
83.46       153.04
88.73       145.38
106.89      188.93
89.17       194.09
100.54      232.70
96.51       198.25
111.74      208.15
92.86       173.41
94.95       174.57
102.30      188.81
80.95       163.30
86.07       115.36
82.75       191.32
87.61       187.91
96.83       161.95
100.25      207.25
83.88       157.72
81.67       151.12
114.01      239.14
91.71       199.50
101.12      226.24
91.88       169.83
96.83       192.81
103.11      182.84
94.77       162.80
81.80       154.83
86.14       172.02
99.75       191.99
87.46       188.43
85.04       166.92
89.39       184.22
114.03      276.91
94.53       196.61
84.00       168.34
100.29      214.90
109.92      229.46
113.83      243.59
80.37       144.42
114.74      242.32
94.60       166.53
113.86      229.42
98.96       235.18
87.01       172.38
96.21       205.37
87.05       181.34
108.50      198.17
103.59      192.75
97.24       218.54
101.82      207.81
80.35       190.43
91.50       205.27
113.85      252.87
110.15      218.30
114.81      222.77
107.73      217.81
96.56       175.48
85.95       177.22
85.01       156.16
87.81       200.54
102.46      207.42
98.81       182.77
88.84       153.69
112.39      222.44
101.79      212.08
112.77      249.09
100.13      191.91
85.59       162.34
114.92      192.27
113.98      225.68
96.11       194.88
98.87       220.00
113.47      205.69
83.30       176.41
84.42       165.20
100.39      171.68
94.04       162.60
90.25       158.32
94.47       205.92
104.77      248.23
100.79      200.45
95.50       195.28
80.61       152.15
80.47       137.09
105.52      246.59
82.92       157.26
102.71      187.53
102.58      187.38
100.60      225.26
81.12       130.53
99.37       186.08
80.28       172.49
92.68       182.36
107.17      228.20
84.71       187.66
88.09       191.76
105.67      196.04
89.35       166.66
96.67       197.98
101.62      218.03
109.77      238.37
107.33      213.37
86.71       149.52
93.39       179.65
97.36       180.01
91.71       192.80
108.22      219.60
98.15       213.50
80.26       144.86
112.86      211.28
81.16       153.76
86.20       194.96
99.91       201.37
113.89      232.55
84.23       153.62
108.89      221.06
109.69      218.40
96.58       225.64
110.79      218.23
80.23       159.55
98.28       211.63
104.86      176.99
114.88      245.58
113.39      240.03
93.86       183.51
100.10      199.89
86.91       212.05
98.01       184.51
97.32       153.62
88.95       112.97
93.15       172.19
96.71       209.00
84.40       151.89
113.50      260.11
100.75      199.85
99.20       123.38
105.43      196.80
100.34      199.65
109.80      246.51
81.59       175.50
82.22       140.29
101.35      199.11
80.21       152.67
91.55       202.77
103.47      196.13
103.00      213.82
110.02      216.10
106.31      178.20
89.17       153.56
94.20       217.86
99.54       202.33
113.16      225.34
80.10       152.48
113.93      208.58
103.50      229.49
97.67       197.30
98.05       188.46
84.91       207.91
91.76       188.55
85.70       156.14
98.64       233.35
89.51       167.26
108.85      219.59
90.82       203.80
83.85       207.63
84.59       136.90
92.11       182.73
94.94       174.91
81.06       148.41
109.66      217.27
81.81       149.89
100.43      246.08
89.49       208.81
93.76       190.42
88.48       161.11
92.87       188.72
102.22      217.38
90.60       190.18
92.95       189.22
103.61      194.38
80.44       177.24
81.07       130.01
97.84       203.41
112.50      262.41
113.54      247.54
105.88      228.92
106.97      223.30
94.53       187.31
105.26      204.67
91.69       173.65
108.06      213.48
101.20      200.23
95.90       169.77
89.19       183.85
91.18       169.62
109.21      206.91
93.06       161.15
85.13       193.46
99.01       185.26
92.97       198.71
107.66      224.15
114.87      240.67
106.23      212.10
86.93       161.94
106.74      201.31
98.66       194.66
99.66       229.57
98.75       174.36
95.04       155.13
97.95       210.72
110.86      201.27
93.09       214.53
111.81      234.79
111.59      201.85
107.91      178.65
96.20       190.89
103.67      175.92
109.48      228.17
106.93      224.63
108.60      207.38
95.14       192.13
88.15       191.49
113.27      202.54
98.75       242.45
106.75      202.84
100.61      216.99
96.29       220.49
96.06       190.79
97.25       186.52
109.08      208.05
103.84      177.45
104.25      212.00
108.38      191.92
102.29      163.18
114.14      217.35
88.52       157.97
83.49       167.34
86.27       173.44
96.19       152.41
100.32      173.42
90.26       173.05
85.82       170.49
85.91       160.54
96.16       204.62
100.38      201.38
106.07      237.63
81.23       180.37
80.57       146.82
109.03      212.66
88.46       188.74
106.90      183.50
112.21      225.98
89.74       175.03
96.31       195.53
80.21       173.72
85.94       150.65
114.77      214.22
112.90      223.81
110.85      224.47
84.72       134.22
85.47       155.22
88.77       192.79
96.58       207.17
95.35       163.80
106.04      186.77
113.70      234.97
107.48      236.78
83.88       178.35
90.22       185.68
86.39       138.86
84.90       157.07
114.65      229.54
95.95       164.23
96.66       233.71
94.98       211.72
94.30       169.34
95.01       195.76
100.89      168.94
103.88      199.27
106.26      187.36
85.69       151.84
111.84      206.97
89.65       160.10
84.50       155.57
100.16      180.48
87.02       172.62
89.85       178.74
94.61       201.51
88.46       190.49
114.87      255.46
95.43       185.08
114.97      223.04
86.57       169.22
112.68      233.91
87.16       151.04
109.61      242.83
109.76      230.89
102.04      195.83
85.46       165.75
94.82       158.04
90.71       175.04
112.79      233.19
93.45       202.79
113.81      231.82
104.01      226.38
99.46       161.14
87.55       191.00
109.48      217.99
98.76       169.52
91.23       172.39
100.06      187.92
99.10       210.66
111.63      214.26
96.81       169.99
100.97      192.25
108.50      218.73
91.64       203.08
86.01       152.74
84.67       166.03
92.04       196.76
80.39       153.84
85.72       191.43
95.77       149.04
100.81      228.89
98.93       206.46
104.82      203.51
102.77      194.94
96.16       183.77
80.80       159.36
99.12       237.11
106.94      221.53
94.01       175.31
89.67       177.14
86.40       189.57
83.44       157.31
91.57       215.07
110.50      211.96
113.29      223.54
114.11      220.78
89.50       129.25
90.46       188.94
86.31       169.05
88.99       179.12
113.07      213.47
81.06       182.37
100.38      176.26
89.22       193.38
112.09      240.12
81.29       155.85
103.98      235.16
97.32       207.71
88.75       172.55
106.66      224.40
82.90       181.48
86.42       200.35
110.27      207.29
83.96       141.61
82.73       141.91
81.58       140.20
90.74       192.57
84.86       172.26
106.96      214.32
100.47      225.35
103.44      208.97
114.40      219.16
87.11       183.15
101.38      219.12
91.49       179.85
96.90       187.42
99.10       210.90
110.91      212.96
98.13       198.13
94.97       147.49
108.88      194.54
88.64       220.72
94.68       188.34
108.83      233.21
84.33       168.36
111.27      215.69
85.65       193.23
93.95       205.01
106.91      229.89
99.52       164.62
110.77      237.10
109.29      197.79
88.47       172.09
97.22       178.52
104.13      216.40
103.55      202.40
100.29      186.90
98.36       191.06
92.54       197.09
112.32      244.62
94.66       181.98
81.48       130.56
101.69      214.49
86.74       173.04
104.99      247.58
95.78       210.19
89.98       158.42
112.78      208.39
108.51      178.62
111.76      216.29
95.05       192.21
110.79      210.29
91.41       148.93
106.97      221.14
106.48      223.51
85.68       186.91
102.90      214.14
100.74      189.80
80.15       162.06
97.73       193.87
80.90       159.25
103.53      218.53
82.30       181.77
113.38      200.51
91.11       150.05
106.03      190.53
107.21      212.80
111.06      260.23
95.87       193.11
106.63      192.23
109.46      230.20
103.62      200.60
114.17      201.84
100.28      196.91
92.80       187.89
98.58       231.43
110.91      252.96
113.13      239.68
90.45       175.60
112.16      213.61
100.59      200.88
92.72       194.44
83.04       158.24
85.29       176.45
108.80      196.36
82.42       137.55
97.57       194.27
94.30       197.95
80.42       170.20
88.88       163.89
102.04      229.56
101.33      196.55
85.38       177.52
112.49      248.72
108.99      265.69
103.97      200.20
91.58       196.42
100.25      182.55
86.90       158.23
80.71       178.02
89.89       186.80
85.74       195.48
109.71      203.73
106.79      202.82
105.91      228.17
108.53      230.73
81.86       149.63
91.08       198.74
99.92       184.26
86.15       188.04
91.41       169.87
92.28       203.54
102.48      188.30
113.95      224.52
106.96      248.66
106.63      243.30
92.90       161.17
102.93      222.24
95.43       189.01
95.98       196.11
101.53      196.32
82.31       184.78
103.81      195.78
110.42      209.02
95.93       193.41
114.64      248.91
111.54      207.54
98.56       232.83
110.24      230.92
105.56      207.85
84.86       177.72
110.15      224.29
112.22      217.04
86.63       183.42
103.55      220.66
102.24      202.74
91.82       192.72
105.75      193.13
101.60      222.72
105.99      235.55
98.68       224.27
82.67       194.02
110.12      213.98
94.03       182.57
100.50      200.93
84.82       188.39
86.91       154.56
92.89       172.84
96.79       198.15
101.42      186.61
87.20       134.02
93.84       195.82
101.30      226.29
103.06      259.11
87.85       153.79
91.12       209.27
99.72       194.79
92.65       168.86
91.48       180.34
82.57       158.93
84.68       169.20
94.57       184.23
112.51      240.84
108.77      226.36
86.39       154.21
91.39       185.09
111.01      218.22
111.97      243.44
112.57      206.34
107.56      226.85
112.34      226.38
108.17      200.59
103.46      189.72
102.98      188.52
93.67       176.56
109.41      210.43
106.80      219.60
114.83      242.45
101.58      171.25
106.50      223.20
104.29      197.88
80.43       157.13
92.18       210.08
113.24      219.81
85.44       167.46
93.80       221.92
98.66       175.38
90.04       210.34
103.68      242.59
97.13       203.69
103.13      174.24
92.63       192.93
91.93       183.69
104.04      220.57
86.77       193.03
81.50       182.94
106.95      219.44
100.83      169.16
110.45      227.96
93.72       200.06
103.24      193.06
98.21       190.66
102.38      228.20
112.15      229.32
83.36       197.95
112.86      213.51
103.88      191.73
93.33       154.11
89.53       181.43
96.54       196.96
86.76       168.61
107.65      213.81
96.47       180.21
108.16      210.39
91.08       190.60
96.41       187.37
114.65      220.58
85.00       149.86
90.13       165.54
80.66       168.47
112.08      229.08
85.34       170.75
102.02      226.07
100.30      193.82
97.42       198.88
83.97       160.90
106.72      226.24
97.15       191.86
83.91       167.07
103.50      206.50
106.33      204.58
99.91       225.83
104.53      221.23
110.36      184.20
106.95      211.29
110.86      212.54
86.37       184.53
92.96       182.64
95.18       166.64
83.60       194.63
86.30       160.15
105.25      208.35
110.26      207.31
109.08      223.27
93.68       177.76
114.68      223.68
83.35       189.78
89.08       166.13
80.74       189.68
81.53       164.75
82.89       148.11
108.65      276.02
110.01      223.71
100.17      219.92
84.56       169.50
90.18       201.88
107.70      233.88
92.26       197.10
110.92      226.95
104.83      202.23
87.45       167.63
96.91       205.86
104.45      207.04
109.59      208.23
104.49      203.67
102.17      201.96
102.05      195.57
107.44      229.84
80.69       151.82
100.07      218.76
105.07      184.93
105.84      229.83
111.61      191.58
107.90      191.38
104.83      202.35
102.67      201.82
81.39       177.72
86.06       188.45
86.27       188.44
102.24      217.59
95.86       165.85
94.67       199.40
104.15      204.95
101.55      206.11
89.45       181.41
98.73       208.48
105.19      167.28
111.32      194.09
91.41       187.53
96.87       196.48
98.61       161.43
98.05       204.84
112.55      236.78
90.20       179.63
89.96       178.16
94.80       199.08
102.93      211.81
100.24      167.68
99.10       181.66
84.23       164.55
114.54      206.82
92.57       217.68
90.69       189.92
81.07       191.96
81.95       141.58
106.59      210.93
96.50       212.89
95.06       224.44
106.50      208.32
111.38      221.81
110.85      226.24
80.59       198.50
93.67       184.62
86.05       186.49
100.57      198.76
103.33      201.90
99.87       201.56
106.70      206.39
90.04       210.81
80.81       165.89
108.58      223.65
104.67      214.99
84.75       148.58
96.03       217.64
97.28       205.84
107.10      205.29
86.98       133.34
109.68      220.52
94.57       187.95
88.56       150.75
93.74       196.37
96.32       201.08
103.84      191.92
106.92      203.54
109.47      212.40
90.16       183.07
93.53       206.24
104.57      244.75
81.01       143.61
100.45      183.95
86.00       157.63
113.95      255.04
84.94       163.16
102.51      202.18
104.38      222.00
109.03      206.55
92.62       209.89
109.39      216.06
90.26       194.66
85.74       165.48
91.52       172.26
114.61      253.65
89.33       179.97
105.77      212.44
110.85      209.06
94.57       195.61
96.19       180.89
105.65      217.60
94.91       189.54
99.78       208.44
107.25      229.27
93.47       197.67
85.53       156.92
89.26       192.56
92.54       231.30
94.74       240.05
93.59       190.14
80.94       160.08
92.65       191.95
106.83      196.51
97.33       185.61
92.50       166.82
111.55      209.84
96.49       222.62
86.20       179.44
114.56      239.90
98.48       187.68
113.58      227.33
84.37       175.95
84.40       201.51
100.38      227.33
101.21      203.79
89.85       130.72
109.17      219.47
87.94       199.13
112.08      234.32
104.77      223.21
85.11       191.52
84.08       152.88
114.24      233.13
85.38       149.35
94.89       191.32
109.43      226.71
81.95       156.13
98.89       238.45
94.03       187.03
112.95      186.47
88.95       184.45
104.88      231.80
102.58      190.88
98.56       209.73
94.85       180.63
110.79      209.63
98.89       199.04
93.79       203.14
111.68      204.69
107.46      221.62
102.20      226.84
100.52      167.91
105.59      212.21
95.84       179.09
111.54      217.15
105.74      226.73
94.40       186.63
101.91      201.15
81.44       191.40
91.47       203.17
86.65       234.21
97.56       177.24
89.72       202.69
101.18      206.75
112.07      199.20
88.96       155.10
89.84       186.89
104.96      186.34
99.55       215.33
108.35      236.79
86.79       176.83
114.30      245.31
81.30       147.84
110.27      220.02
104.67      240.20
89.72       169.84
99.21       195.85
102.47      207.94
100.88      200.74
113.12      231.69
104.48      220.03
108.47      217.41
107.68      229.48
108.21      190.02
84.36       183.19
91.02       191.19
100.52      198.98
107.48      207.06
92.69       186.40
101.63      221.71
103.61      220.38
107.70      202.74
86.78       184.46
85.61       147.14
94.64       174.71
88.03       142.04
101.32      217.36
83.91       188.20
112.54      229.67
104.94      233.92
98.56       207.78
89.68       200.80
88.35       173.68
94.69       166.78
101.11      215.81
111.72      230.82
88.77       176.98
82.56       198.90
88.97       155.95
90.12       171.50
111.82      241.29
94.07       180.24
80.01       152.20
93.92       179.56
106.85      219.80
108.44      227.52
98.07       202.87
112.62      233.61
103.63      209.02
83.85       181.08
112.72      214.27
102.42      220.39
81.03       176.46
112.79      226.98
104.25      216.03
83.64       168.79
107.25      215.78
110.41      221.38
86.06       205.38
85.05       153.42
97.35       198.15
93.16       188.56
113.63      210.92
82.86       175.29
94.45       155.04
85.00       198.24
96.49       175.35
114.92      232.10
83.14       206.72
92.39       194.77
111.25      225.52
89.50       164.40
105.55      248.93
110.40      216.74
80.62       156.73
112.36      234.28
107.27      246.88
85.54       159.33
104.14      209.80
102.90      219.64
95.21       225.32
92.37       207.59
83.98       142.23
93.40       193.32
113.60      212.84
111.10      230.08
87.39       183.57
102.22      221.80
98.91       215.59
80.93       175.94
89.65       212.28
107.64      201.22
103.85      219.00
104.92      220.09
99.66       200.82
86.11       195.34
96.76       172.89
96.23       198.02
84.42       163.71
111.80      238.65
80.21       167.56
92.90       210.48
105.37      184.18
102.00      211.15
102.62      195.41
108.26      212.73
101.99      197.30
98.11       209.29
90.88       136.86
84.16       164.11
103.75      216.30
84.65       135.44
94.46       235.06
92.15       180.03
83.28       137.70
93.15       216.38
92.20       213.18
108.96      249.55
93.13       178.48
96.17       206.99
114.07      209.14
110.87      226.80
85.13       159.11
88.33       163.27
84.22       168.80
113.04      206.56
81.36       198.45
80.13       177.80
108.50      222.59
81.49       157.55
94.22       183.37
87.52       196.14
89.74       190.84
113.64      231.76
113.65      201.24
81.00       165.26
93.41       203.14
85.23       148.10
113.48      229.28
93.51       201.15
82.66       146.27
89.33       171.63
100.03      202.63
111.61      269.64
94.10       181.87
93.71       186.67
111.73      198.63
95.01       191.14
101.80      203.70
109.13      223.73
86.33       193.52
81.35       163.01
103.48      220.77
114.57      225.14
86.40       159.35
109.31      208.34
93.04       209.73
108.34      220.04
99.98       208.46
85.91       185.79
90.94       165.68
85.71       165.64
93.18       183.29
108.67      220.33
92.54       171.35
100.54      189.07
85.74       139.98
108.95      222.41
102.53      224.67
97.29       212.42
109.96      195.99
93.64       230.67
93.63       195.22
107.17      243.46
90.18       197.83
109.81      217.74
94.96       191.09
100.52      183.75
83.22       186.02
109.88      199.81
84.96       167.21
105.78      222.10
87.84       172.76
83.45       169.81
93.71       191.39
107.88      211.70
107.67      193.20
95.83       195.79
93.84       173.68
93.73       203.81
100.57      216.50
112.21      231.14
94.17       157.41
113.99      224.26
83.44       164.05
110.83      224.57
111.34      218.30
94.72       199.53
85.67       150.67
110.02      203.38
106.94      214.40
98.85       194.03
84.75       139.33
80.20       131.01
97.37       220.91
81.14       131.96
85.58       195.58
112.98      238.11
87.21       204.34
89.11       169.30
85.18       201.74
110.80      253.17
99.16       222.38
95.16       195.79
89.36       156.18
86.11       170.16
108.16      232.75
98.31       179.86
90.85       145.93
86.07       153.01
106.26      209.43
112.28      237.09
87.27       182.85
92.44       196.89
87.10       161.68
87.36       147.64
104.83      212.93
95.16       171.63
104.99      223.85
87.04       151.90
88.53       182.87
95.19       185.82
89.74       189.27
110.64      201.35
81.74       167.12
87.98       187.09
113.91      239.45
85.93       131.57
96.98       204.01
103.57      226.24
104.20      202.19
85.35       160.55
94.31       200.77
102.65      212.16
83.75       182.06
114.51      234.39
113.42      198.52
83.72       207.90
112.20      230.38
110.20      213.05
92.53       206.21
94.65       204.59
87.40       180.54
112.39      203.44
110.92      220.14
101.50      178.73
91.57       189.89
110.79      256.92
107.43      249.51
98.03       188.21
101.40      196.98
110.84      221.65
111.73      226.70
80.20       169.25
103.74      210.66
112.76      221.95
102.64      236.61
106.90      252.87
87.16       163.75
113.70      224.83
91.15       189.77
92.31       200.03
96.09       208.58
107.74      252.63
91.18       189.30
102.10      192.47
87.41       191.37
82.99       177.19
101.17      227.02
108.80      227.28
83.46       176.17
104.73      231.56
87.80       189.60
108.60      239.13
95.10       185.86
95.40       199.96
92.00       190.18
95.53       181.79
98.48       222.69
99.48       191.86
114.22      188.07
98.92       219.84
85.78       157.94
81.76       161.49
87.94       184.89
87.20       164.68
107.68      196.99
113.12      190.01
103.24      209.58
85.05       142.27
88.19       203.18
89.62       165.28
96.74       178.99
106.34      198.25
91.60       163.79
87.58       180.94
83.27       168.10
80.23       150.50
82.54       170.75
113.71      216.80
93.79       210.59
105.94      224.70
102.00      193.83
106.60      198.15
99.24       220.21
95.62       207.13
109.21      201.25
112.56      217.28
90.04       192.75
89.76       196.68
88.44       177.31
94.40       156.64
108.52      209.52
114.22      193.92
94.82       190.77
112.66      254.85
105.25      200.47
111.27      232.57
84.16       170.31
113.10      239.06
105.55      234.22
100.69      191.34
101.70      195.04
83.95       174.14
84.78       175.79
88.63       160.92
107.73      191.12
106.65      232.03
112.48      204.37
87.70       162.54
103.38      190.15
104.72      208.15
95.06       187.86
94.08       205.61
97.79       194.37
106.32      228.96
108.64      198.66
102.16      175.88
114.26      195.78
90.34       183.01
84.61       162.10
94.23       183.39
105.61      205.99
98.32       168.02
103.32      203.27
104.21      236.76
113.63      219.17
89.74       163.77
112.68      270.93
109.72      221.65
80.78       157.29
87.91       183.32
97.38       167.01
112.86      220.53
92.33       220.28
108.75      221.29
113.59      256.78
113.12      252.42
105.11      182.27
87.22       201.38
105.34      225.22
103.64      199.97
80.30       136.95
90.48       204.92
107.16      234.44
95.07       203.36
111.57      220.37
95.11       205.42
114.73      248.10
99.66       220.72
109.59      191.20
111.08      220.16
111.29      193.39
97.18       227.94
92.73       184.96
96.26       191.38
112.21      252.82
89.79       150.07
82.61       166.79
108.49      233.75
84.27       149.41
86.67       174.14
80.65       176.50
82.94       163.36
80.54       153.83
80.05       154.77
85.31       167.79
89.98       177.89
114.08      249.30
113.51      222.91
84.07       178.68
106.95      214.60
94.61       196.87
103.48      195.53
109.63      213.19
82.64       196.06
107.34      237.24
91.07       207.06
92.23       198.17
113.01      224.88
110.77      198.98
100.40      235.52
89.40       184.28
88.25       160.26
93.07       192.07
107.01      245.92
95.10       164.36
114.35      253.48
114.35      217.43
96.19       203.63
106.63      233.34
98.60       181.66
108.81      249.51
94.35       200.12
91.64       189.26
83.78       139.44
92.56       162.58
107.97      215.08
91.48       202.80
112.58      236.65
110.76      222.50
106.30      193.98
114.13      208.46
106.09      223.37
92.90       164.28
93.68       166.51
81.16       155.21
80.11       158.01
82.10       167.08
81.34       134.26
104.53      230.71
96.52       182.82
82.72       178.30
90.04       191.47
80.38       150.42
89.96       152.80
85.80       187.11
93.25       205.14
114.97      232.29
105.60      211.49
91.62       178.65
111.70      200.94
111.03      190.09
93.26       207.35
113.90      227.33
88.74       163.15
90.20       198.54
96.43       194.34
82.35       136.22
82.86       136.32
81.39       162.79
87.66       175.99
110.25      242.04
87.46       183.51
90.87       179.73
96.07       200.33
102.64      194.91
85.88       165.02
89.21       168.75
99.67       191.39
109.80      197.67
108.72      250.55
110.98      204.88
111.75      192.26
108.16      236.15
86.50       155.72
98.46       207.00
108.05      220.38
108.16      209.30
110.82      204.67
112.43      233.75
86.59       170.84
88.01       148.79
106.74      214.18
94.80       154.25
85.53       156.91
94.94       189.92
96.94       201.69
106.93      190.49
111.40      253.84
93.36       180.52
111.75      214.34
112.47      200.13
89.78       183.16
83.10       148.15
87.28       197.89
82.49       200.60
86.18       180.73
107.91      223.26
86.67       185.97
97.26       196.64
82.94       183.42
81.29       192.54
113.64      238.09
93.92       190.79
102.06      194.63
110.85      200.17
87.37       194.80
88.91       164.36
102.59      231.17
107.21      229.62
103.65      231.75
83.98       138.06
113.63      229.84
86.27       175.57
105.92      193.36
104.53      187.32
110.91      227.71
114.29      241.39
86.23       198.79
80.98       177.18
99.26       194.63
100.38      230.38
106.15      181.12
108.61      200.97
89.54       189.87
113.69      245.64
86.07       163.85
87.52       158.77
105.56      199.87
85.21       150.68
91.14       169.98
88.94       167.54
112.06      212.01
110.68      221.73
88.44       201.15
100.41      207.78
87.35       177.25
96.06       191.60
100.11      201.29
96.58       202.30
91.13       211.34
103.41      210.06
109.91      233.62
97.01       180.37
98.80       204.24
98.94       169.03
87.05       166.22
94.01       164.76
83.52       176.24
92.90       200.21
94.03       202.75
101.12      192.44
106.48      232.28
81.51       188.18
83.96       168.28
94.65       213.23
93.74       193.61
113.10      234.79
114.33      239.78
93.91       183.92
102.00      178.74
89.25       197.80
101.66      227.28
99.42       188.02
94.08       211.09
86.07       169.82
99.26       208.17
88.69       174.32
112.70      244.70
83.50       154.36
90.43       191.48
110.98      218.71
89.89       178.78
90.45       187.58
101.61      205.68
81.51       185.20
101.19      224.33
98.74       184.69
99.29       175.43
95.85       200.00
98.31       213.34
102.59      249.76
93.36       164.02
106.67      214.43
107.04      212.96
85.32       194.69
111.73      195.48
96.75       202.20
109.83      217.47
104.31      193.56
98.99       178.99
112.25      228.13
104.26      209.85
96.76       185.28
103.37      190.59
88.89       185.32
102.51      214.18
96.49       175.24
88.29       153.99
101.50      210.10
100.14      190.07
81.43       172.68
112.12      215.06
114.64      229.00
101.05      177.20
110.55      214.22
84.47       147.33
80.30       155.57
90.71       160.52
108.58      203.97
111.32      226.23
94.53       190.38
104.68      202.90
114.13      207.28
95.05       204.48
89.30       195.20
81.12       154.53
97.83       217.72
83.73       162.57
109.60      203.16
100.95      192.29
93.34       216.58
82.26       147.18
97.37       184.91
96.02       217.24
86.20       142.41
98.36       232.68
83.17       159.97
101.65      221.31
96.45       209.02
92.43       200.45
99.65       219.80
90.53       177.82
83.80       180.92
83.26       174.65
92.07       181.20
85.36       157.88
110.04      229.44
81.34       177.32
96.22       204.73
91.85       192.18
102.26      226.08
114.19      215.59
82.96       175.53
80.81       149.75
82.90       162.44
82.68       157.80
101.84      236.81
93.45       209.64
104.58      230.05
101.29      194.83
101.66      177.58
91.67       187.46
81.88       155.48
82.45       143.77
98.80       189.92
101.82      217.01
95.75       192.59
107.42      223.41
89.11       195.06
95.33       204.30
82.00       159.44
108.08      203.23
104.88      198.47
93.64       178.53
104.46      223.19
84.17       126.61
94.65       173.82
90.88       176.71
88.59       202.95
114.80      234.03
106.68      230.91
105.75      197.87
85.93       183.67
111.25      223.43
99.77       155.40
83.71       141.96
87.39       200.05
97.19       168.76
104.28      215.98
104.30      229.52
82.33       141.11
113.30      227.71
83.45       124.72
93.49       186.98
104.62      193.52
101.55      226.67
94.72       204.75
110.11      192.87
111.40      201.52
96.35       210.20
110.44      246.77
97.98       211.82
106.67      202.05
102.11      224.15
80.91       204.18
91.82       167.16
94.10       170.35
111.95      237.69
89.67       132.32
102.55      204.09
114.30      227.15
82.74       193.04
96.74       205.40
95.05       151.78
95.75       156.85
91.82       163.62
105.53      179.49
94.22       209.74
107.74      229.93
108.89      202.66
111.80      203.78
104.86      188.17
102.29      185.82
107.05      182.90
107.13      205.67
84.08       165.42
103.88      201.86
94.23       187.69
102.41      208.52
110.00      220.44
87.74       184.87
103.94      209.31
108.11      190.45
97.80       212.20
80.99       180.91
87.59       188.75
103.23      191.56
112.84      241.63
91.37       209.64
93.61       179.70
114.02      210.87
110.48      234.18
108.64      194.55
104.08      221.42
112.99      211.93
90.33       179.05
102.30      221.98
93.17       207.81
82.69       158.86
104.44      202.70
92.78       199.29
85.11       137.27
96.18       182.49
92.60       189.64
85.59       185.89
107.59      214.93
100.76      225.65
112.24      230.89
114.42      220.49
96.84       199.15
82.45       166.76
102.04      213.80
95.44       184.00
89.71       158.51
101.58      230.73
88.29       190.07
112.22      238.75
92.09       174.72
105.74      200.02
113.17      225.39
94.03       185.44
101.70      252.43
94.96       187.67
112.52      211.29
98.14       172.64
107.16      227.14
110.82      274.13
114.43      233.17
93.23       211.64
105.63      213.20
114.93      267.58
101.85      206.70
88.53       177.77
90.39       164.95
107.27      245.14
113.19      223.52
88.22       166.58
95.91       173.92
88.04       161.87
88.24       192.16
93.48       205.85
85.81       169.77
94.17       169.29
103.75      209.52
106.26      201.58
107.00      206.65
102.56      179.11
109.67      257.01
86.81       168.04
100.40      197.02
102.06      198.65
100.40      226.61
104.93      194.15
95.69       190.69
108.84      220.13
99.03       205.62
101.06      231.87
95.96       218.43
102.47      204.30
98.19       189.25
102.81      199.75
83.20       185.65
89.39       207.90
107.94      214.51
114.10      244.25
84.24       155.94
84.42       193.31
96.73       185.68
114.35      193.66
108.49      221.79
85.31       179.02
93.74       187.12
98.40       203.10
104.87      212.42
103.35      214.17
99.61       189.29
82.43       143.23
82.14       181.40
98.64       197.52
89.04       186.39
110.37      206.22
96.90       193.91
101.95      201.29
109.05      220.15
85.10       179.78
103.08      210.16
91.09       177.79
83.87       168.31
97.59       189.37
111.94      236.20
111.42      200.76
83.62       171.16
92.49       189.74
109.64      232.46
91.35       162.36
111.02      236.56
81.00       155.59
98.32       175.39
94.20       172.46
87.92       164.36
85.80       190.57
87.63       160.63
101.28      193.76
114.01      242.43
94.10       182.06
97.50       176.48
80.36       170.49
89.84       136.38
86.82       179.18
83.01       158.56
82.96       158.89
111.39      226.11
96.58       176.32
97.64       205.83
92.20       139.04
91.66       179.67
113.43      229.25
81.84       170.86
106.07      224.40
87.35       206.93
90.45       175.74
81.34       157.91
94.92       180.98
105.84      231.48
83.91       166.79
109.88      244.15
106.88      231.60
109.10      206.56
97.84       190.73
83.88       146.45
112.34      225.32
109.45      229.59
96.72       192.85
98.78       194.95
111.79      227.84
108.68      223.78
110.76      197.72
81.41       140.48
81.20       152.82
95.19       208.14
88.19       165.31
105.33      210.98
110.13      203.30
84.97       199.56
114.55      236.65
82.89       197.16
101.07      189.81
87.90       178.70
89.68       190.20
107.43      200.77
93.42       135.04
103.98      240.42
106.08      207.99
105.78      245.14
84.24       179.16
112.13      196.52
110.18      207.15
87.59       177.18
80.89       155.22
103.44      225.02
113.03      226.98
103.67      217.66
112.72      254.25
108.59      232.67
92.55       145.12
112.50      226.58
103.09      208.51
